Stats: C // Java
  mean: 	0.00026786754002911206 // 0.00025035076427934417
  stdev:	8.360484183323113e-05 // 4.183245365299423e-05
