success
Zero Intervals:
  mean: 11.2910614525
  stdev: 8.85975788911
  mode: 8
  min: 0
  max: 98
  num zero readings: 3580
Nonzero Readings (joules):
  mean: 0.000889903351955
  stdev: 0.000683644469315
  mode: 0.00061
  min: 0.000549
  max: 0.025757
  num nonzero readings: 3580
Sample Size: 44008
