success
Zero Intervals:
  mean: 19.9524959742
  stdev: 15.9098395394
  mode: 10
  min: 0
  max: 130
  num zero readings: 2484
Nonzero Readings (joules):
  mean: 0.00346549315628
  stdev: 0.00204712760101
  mode: 0.0029910000012
  min: 0.00231899999926
  max: 0.0651240000007
  num nonzero readings: 2484
Sample Size: 52047
