success
Zero Intervals:
  mean: 21.9523060797
  stdev: 14.6911332742
  mode: 17
  min: 0
  max: 171
  num zero readings: 1908
Nonzero Readings (joules):
  mean: 0.000494662473795
  stdev: 6.09530436975e-05
  mode: 0.000488
  min: 0.000488
  max: 0.001465
  num nonzero readings: 1908
Sample Size: 43833
