success
Zero Intervals:
  mean: 11.2431830829
  stdev: 8.79211399913
  mode: 8
  min: 0
  max: 98
  num zero readings: 3594
Nonzero Readings (joules):
  mean: 0.00258562270451
  stdev: 0.00128681472954
  mode: 0.002197
  min: 0.001709
  max: 0.045166
  num nonzero readings: 3594
Sample Size: 44008
