success
Zero Intervals:
  mean: 20.3909895414
  stdev: 13.1215024377
  mode: 10
  min: 0
  max: 90
  num zero readings: 2486
Nonzero Readings (joules):
  mean: 0.000250350764279
  stdev: 4.1832453653e-05
  mode: 0.000244000000066
  min: 0.000182999999879
  max: 0.00116000000003
  num nonzero readings: 2486
Sample Size: 53218
