success
Zero Intervals:
  mean: 18.2405618964
  stdev: 13.2642507463
  mode: 17
  min: 0
  max: 144
  num zero readings: 2278
Nonzero Readings (joules):
  mean: 0.00413576953468
  stdev: 0.0010486894429
  mode: 0.003906
  min: 0.003906
  max: 0.023438
  num nonzero readings: 2278
Sample Size: 43833
