success
Zero Intervals:
  mean: 10.97659227
  stdev: 8.15414367436
  mode: 8
  min: 0
  max: 116
  num zero readings: 3674
Nonzero Readings (joules):
  mean: 0.000253962438759
  stdev: 8.00488055873e-05
  mode: 0.000244
  min: 0.000183
  max: 0.003174
  num nonzero readings: 3674
Sample Size: 44008
