success
Zero Intervals:
  mean: 19.8517628205
  stdev: 15.8385029991
  mode: 10
  min: 0
  max: 140
  num zero readings: 2496
Nonzero Readings (joules):
  mean: 0.00269667668269
  stdev: 0.00151556109758
  mode: 0.00225799999998
  min: 0.00183100000004
  max: 0.0479729999997
  num nonzero readings: 2496
Sample Size: 52047
