success
Zero Intervals:
  mean: 11.1144278607
  stdev: 8.28605636754
  mode: 8
  min: 0
  max: 107
  num zero readings: 3618
Nonzero Readings (joules):
  mean: 0.000869474018795
  stdev: 0.000468611047176
  mode: 0.000732
  min: 0.000488
  max: 0.007568
  num nonzero readings: 3618
Sample Size: 43833
