success
Zero Intervals:
  mean: 19.8017585931
  stdev: 15.831349161
  mode: 10
  min: 0
  max: 130
  num zero readings: 2502
Nonzero Readings (joules):
  mean: 0.000254904876112
  stdev: 0.000100666053275
  mode: 0.000243999999839
  min: 0.000183000000106
  max: 0.00347899999997
  num nonzero readings: 2502
Sample Size: 52047
